image_width: 752
image_height: 480
camera_name: cameraLeft
camera_matrix:
  rows: 3
  cols: 3
  data:  [493.5915858310399, 0.0, 364.5102520303024, 0.0, 492.57311295350775, 271.63592752714254, 0.0, 0.0, 1.0]
distortion_model: plumb_bob
distortion_coefficients:
  rows: 1
  cols: 5
  data:  [-0.30527274202667404, 0.09259764305157937, 0.0008121294778158045, 0.0011590822011508994, 0.0]
rectification_matrix:
  rows: 3
  cols: 3
  data: [0.9993760080374455, 0.0018979495681118736, -0.03527027568047023, -0.001801684712098189, 0.9999945655828235, 0.00276093046239867, 0.03527532411385695, -0.0026956617474959694, 0.999373996518023]
projection_matrix:
  rows: 3
  cols: 4
  data:  [486.38147714821866, 0.0, 385.96152114868164, 0.0, 0.0, 486.38147714821866, 260.36631774902344, 0.0, 0.0, 0.0, 1.0, 0.0]
