image_width: 752
image_height: 480
camera_name: cameraRight
camera_matrix:
  rows: 3
  cols: 3
  data: [494.8838612131897, 0.0, 350.6717030691087, 0.0, 493.8812427445441, 246.08625203008395, 0.0, 0.0, 1.0]
distortion_model: plumb_bob
distortion_coefficients:
  rows: 1
  cols: 5
  data: [-0.3105222099883617, 0.10324335345869541, 0.0005764785574023748, -0.0002563002973617379, 0.0]
rectification_matrix:
  rows: 3
  cols: 3
  data:  [0.9990980168183484, 0.0019853109701994083, -0.04241711128771956, -0.002101074181155488, 0.9999941887680732, -0.0026847564821484617, 0.042411534715551875, 0.002771456374320561, 0.999096382113676]
projection_matrix:
  rows: 3
  cols: 4
  data:  [486.38147714821866, 0.0, 385.96152114868164, -29.219307647243255, 0.0, 486.38147714821866, 260.36631774902344, 0.0, 0.0, 0.0, 1.0, 0.0]
